local plr = game.Players.LocalPlayer
	local char = plr.Character
    local spt = 0.1
	char.HumanoidRootPart.CFrame = CFrame.new(2160.84814, 421.489227, -2797.40112, -0.188174948, 4.20204032e-08, -0.982135534, 5.5193361e-08, 1, 3.22098082e-08, 0.982135534, -4.81462799e-08, -0.188174948)
    wait(spt)
    char.HumanoidRootPart.CFrame = CFrame.new(2235.78052, 439.469879, -2853.29175, 0.988033473, 2.82679125e-09, -0.154239699, 1.32715017e-09, 1, 2.68287614e-08, 0.154239699, -2.67124136e-08, 0.988033473)
    wait(spt)
	char.HumanoidRootPart.CFrame = CFrame.new(2091.85962, 504.489868, -2853.09424, -0.972758055, -1.59660729e-08, 0.231822774, -1.57512936e-08, 1, 2.77745138e-09, -0.231822774, -9.49720191e-10, -0.972758055)
    wait(spt)
	char.HumanoidRootPart.CFrame = CFrame.new(2284.89795, 635.890869, -2864.55835, 0.685854137, -1.22056846e-07, -0.727739036, 9.32164497e-08, 1, -7.98692312e-08, 0.727739036, -1.30586058e-08, 0.685854137)
    wait(spt)
    char.HumanoidRootPart.CFrame = CFrame.new(2338.62305, 635.70636, -2837.21191, -0.547118604, 4.22462598e-09, -0.837055087, -4.8136406e-10, 1, 5.36164135e-09, 0.837055087, 3.33638206e-09, -0.547118604)
    wait(spt)
    char.HumanoidRootPart.CFrame = CFrame.new(2407.97754, 645.306396, -2926.27954, 0.968383968, 1.34285481e-08, -0.249464378, -4.14272039e-09, 1, 3.77480909e-08, 0.249464378, -3.5521186e-08, 0.968383968)
    wait(spt)
    char.HumanoidRootPart.CFrame = CFrame.new(2254.44971, 357.164978, -2967.86035, 0.208147749, 6.89570356e-08, 0.978097379, -8.00110089e-10, 1, -7.03309269e-08, -0.978097379, 1.38566385e-08, 0.208147749)
    wait(spt)
    char.HumanoidRootPart.CFrame = CFrame.new(2165.91577, 356.164612, -3066.62598, 0.966965735, 1.59064371e-08, -0.254906297, 1.36164457e-08, 1, 1.14053961e-07, 0.254906297, -1.13757196e-07, 0.966965735)
    wait(spt)
    char.HumanoidRootPart.CFrame = CFrame.new(-2168.76904, 578.031494, -3138.90405, 0.200904071, -3.86403869e-08, 0.97961092, 5.55504576e-09, 1, 3.8305366e-08, -0.97961092, -2.25392061e-09, 0.200904071)
    wait(spt)
    char.HumanoidRootPart.CFrame = CFrame.new(2367.5603, 399.469727, -3521.9209, -0.550208449, 2.00550865e-08, 0.835027337, 7.01744485e-09, 1, -1.93934113e-08, -0.835027337, -4.81066076e-09, -0.550208449)
    wait(spt)
    char.HumanoidRootPart.CFrame = CFrame.new(2370.74243, 399.490112, -3223.49243, -0.997302294, 4.62372496e-09, 0.0734042674, -1.33351796e-09, 1, -8.1107622e-08, -0.0734042674, -8.09867018e-08, -0.997302294)
    wait(spt)
    char.HumanoidRootPart.CFrame = CFrame.new(2540.60913, 344.489868, -3067.7854, -0.123472504, -5.29952189e-08, -0.992348015, 6.44819522e-08, 1, -6.14270093e-08, 0.992348015, -7.15730835e-08, -0.123472504)
    wait(spt)
    char.HumanoidRootPart.CFrame = CFrame.new(2694.64673, 638.402893, -3033.73682, -0.999193668, 7.73691156e-09, -0.0401495658, 4.73622386e-09, 1, 7.48328475e-08, 0.0401495658, 7.45823527e-08, -0.999193668)
    wait(spt)
    char.HumanoidRootPart.CFrame = CFrame.new(2830.62036, 1100.7522, 3609.51733, -0.019037975, 3.96229449e-09, 0.999818742, -1.46093599e-08, 1, -4.24119584e-09, -0.999818742, -1.46874557e-08, -0.019037975)
    wait(spt)
    char.HumanoidRootPart.CFrame = CFrame.new(2759.32666, 894.254639, 3610.08374, 0.112435542, 7.14332273e-08, 0.993659019, 4.21112638e-08, 1, -7.66540893e-08, -0.993659019, 5.04628801e-08, 0.112435542)
    wait(spt)
    char.HumanoidRootPart.CFrame = CFrame.new(2635.98218, 893.703064, 3609.60522, 0.0337368734, 7.11166237e-08, 0.999430776, -8.72298123e-10, 1, -7.11276869e-08, -0.999430776, 1.52782409e-09, 0.0337368734)
    wait(spt)
    char.HumanoidRootPart.CFrame = CFrame.new(2520.73096, 948.511169, 3546.33643, 0.996967196, 7.32863281e-09, 0.077822879, 8.78596029e-10, 1, -1.05426125e-07, -0.077822879, 1.05174763e-07, 0.996967196)
    wait(spt)
    char.HumanoidRootPart.CFrame = CFrame.new(2521.64722, 948.511169, 3444.07056, 0.98491323, -4.3316799e-08, 0.173048869, 3.94934609e-08, 1, 2.55371084e-08, -0.173048869, -1.83175377e-08, 0.98491323)
    wait(spt)
    char.HumanoidRootPart.CFrame = CFrame.new(2780.03564, 681.059814, -3186.0249, 0.615626156, 2.79184373e-08, -0.788038373, 4.90243366e-08, 1, 7.3726234e-08, 0.788038373, -8.40208543e-08, 0.615626156)
